Anomalous,17676318486848893030961583018778670610489016512983351739677143,1619092589586542907492569170434842128165755668543894279235270,3436949547626524920645513316569700140535482973634182925459687
M221,421249166674228746791672110734682167926895081980396304944335052891,4,1630203008552496124843674615123983630541969261591546559209027208557
E222,1684996666696914987166688442938726735569737456760058294185521417407,2705691079882681090389589001251962954446177367541711474502428610129,28
NIST_P224,26959946667150639794667015087019625940457807714424391721682722368061,19277929113566293071110308034699488026831934219452440156649784352033,19926808758034470970197974370888749184205991990603949537637343198772
Curve1174,904625697166532776746648320380374280092339035279495474023489261773642975601,1582619097725911541954547006453739763381091388846394833492296309729998839514,3037538013604154504764115728651437646519513534305223422754827055689195992590
Curve25519,7237005577332262213973186563042994240857116359379907606001950938285454250989,9,14781619447589544791020593568409986887264606134616475288964881837755586237401
BN,16798108731015832284940804142231733909759579603404752749028378864165570215949,-1,1
brainpoolP256t1,76884956397045344220809746629001649092737531784414529538755519063063536359079,74138526386500101787937404544159543470173440588427591213843535686338908194292,20625154686056605250529482107801269759951443923312408063441227608803066104254
ANSSI_FRP256v1,109454571331697278617670725030735128146004546811402412653072203207726079563233,82638672503301278923015998535776227331280144783487139112686874194432446389503,43992510890276411535679659957604584722077886330284298232193264058442323471611
NIST_P256,115792089210356248762697446949407573529996955224135760342422259061068512044369,48439561293906451759052585252797914202762949526041747995844080717082404635286,36134250956749795798585127919587881956611106672985015071877198253568414405109
secp256k1,115792089237316195423570985008687907852837564279074904382605163141518161494337,55066263022277343669578718895168534326250603453777594175500187360389116729240,32670510020758816978083085130507043184471273380659243275938904335757337482424
E382,2462625387274654950767440006258975862817483704404090416745738034557663054564649171262659326683244604346084081047321,3914921414754292646847594472454013487047137431784830634731377862923477302047857640522480241298429278603678181725699,17
M383,2462625387274654950767440006258975862817483704404090416746934574041288984234680883008327183083615266784870011007447,12,4737623401891753997660546300375902576839617167257703725630389791524463565757299203154901655432096558642117242906494
Curve383187,2462625387274654950767440006258975862817483704404090416747124418612574880605944350369924877650606926799392131911201,5,4759238150142744228328102229734187233490253962521130945928672202662038422584867624507245060283757321006861735839455
brainpoolP384t1,21659270770119316173069236842332604979796116387017648600075645274821611501358515537962695117368903252229601718723941,3827769047710394604076870463731979903132904572714069494181204655675960538951736634566672590576020545838501853661388,5797643717699939326787282953388004860198302425468870641753455602553471777319089854136002629714659021021358409132328
NIST_P384,39402006196394479212279040100143613805079739270465446667946905279627659399113263569398956308152294913554433653942643,26247035095799689268623156744566981891852923491109213387815615900925518854738050089022388053975719786650872476732087,8325710961489029985546751289520108179287853048861315594709205902480503199884419224438643760392947333078086511627871
Curve41417,5288447750321988791615322464262168318627237463714249754277190328831105466135348245791335989419337099796002495788978276839289,17319886477121189177719202498822615443556957307604340815256226171904769976866975908866528699294134494857887698432266169206165,34
Ed448_Goldilocks,181709681073901722637330951972001133588410340171829515070372549795146003961539585716195755291692375963310293709091662304773755859649779,117812161263436946737282484343310064665180535357016373416879082147939404277809514858788439644911793978499419995990477371552926308078495,19
M511,837987995621412318723376562387865382967460363787024586107722590232610251879607410804876779383055508762141059258497448934987052508775626162460930737942299,5,2500410645565072423368981149139213252211568685173608590070979264248275228603899706950518127817176591878667784247582124505430745177116625808811349787373477
E521,1716199415032652428745475199770348304317358825035826352348615864796385795849413675475876651663657849636693659065234142604319282948702542317993421293670108523,1571054894184995387535939749894317568645297350402905821437625181152304994381188529632591196067604100772673927915114267193389905003276673749012051148356041324,12
